196
160 240
19 21
6 21
6 18
41 18
22 14
13 14
8 13
14 13
31 20
8 7
14 7
22 54
13 54
6 23
8 13
33 13
6 22
5 22
11 28
19 56
12 56
16 11
3 11
6 20
8 10
33 10
16 9
3 9
8 4
17 4
20 9
19 9
8 15
6 6
5 6
3 6
5 6
17 23
5 28
6 28
11 53
20 6
19 6
3 17
5 17
39 12
8 12
31 8
41 8
23 23
12 23
9 9
16 9
6 18
20 13
21 13
5 25
6 25
19 25
7 16
5 16
9 9
16 9
20 12
21 12
23 10
12 10
7 9
5 9
25 7
6 7
16 47
16 14
8 14
21 16
2 4
4 4
11 11
29 11
10 54
13 54
13 70
7 13
3 13
7 25
2 12
4 12
11 32
22 9
7 9
7 12
3 12
16 33
8 33
14 21
7 21
6 27
6 10
16 10
7 23
10 45
7 45
2 10
4 10
16 13
14 6
7 6
2 3
4 3
13 13
14 13
7 8
33 8
16 34
12 28
12 28
7 30
4 19
29 19
10 51
13 51
13 25
4 21
10 21
4 11
29 11
9 26
4 26
17 35
12 6
12 6
4 4
10 4
8 10
13 2
6 2
10 12
3 12
22 16
18 16
7 20
17 16
3 16
13 8
6 8
8 10
19 10
10 8
3 8
9 9
4 9
22 14
9 7
9 7
17 4
3 4
19 17
8 17
8 11
5 11
7 10
20 10
9 7
9 7
19 20
4 20
4 10
26 10
19 11
21 11
3 3
6 3
18 13
8 27
5 27
3 10
6 10
4 24
5 21
21 21
19 21
8 21
19 17
21 17
9 15
5 6
13 6
19 14
4 14
5 9
4 7
9 7
5 3
21 3
4 2
9 2