197
160 240
15 75
12 80
27 6
3 13
10 3
9 21
8 11
6 13
2 9
51 10
6 6
11 12
2 10
8 12
13 47
14 37
3 11
3 6
1 4
1 6
27 5
14 3
10 4
5 20
3 11
14 5
5 2
7 2
12 9
2 1
12 8
5 28
8 6
35 7
7 14
10 45
4 19
13 17
62 9
36 11
38 18
4 2
9 5
8 3
30 20
6 7
36 10
27 7
17 3
6 4
11 10
5 25
7 26
10 44
19 4
8 31
33 6
11 73
8 27
6 2
2 9
25 9
9 39
9 17
12 7
21 101
3 10
3 7
4 10
8 22
5 3
2 1
1 2
22 59
1 2
1 1
2 1
11 56
10 39
5 5
3 20
2 1
2 7
7 6
13 12
17 34
16 46
1 1
6 13
3 12
6 10
9 15
6 24
1 1
5 7
4 1
2 13
11 9
1 6
3 16
7 11
8 15
6 10
6 21
3 9
1 4
10 7
3 3
5 15
2 4
33 8
16 5
9 12
10 11
6 3
10 11
39 8
17 113
13 36
28 8
17 7
42 9
22 57
2 1
15 9
30 8
26 7
16 32
71 25
12 25
22 20
9 55
13 27
65 16
1 3
5 2
16 57
2 1
3 3
3 2
25 11
11 8
6 4
10 9
25 8
10 6
12 15
6 19
2 4
4 7
4 2
6 7
13 3
29 5
2 2
8 15
5 28
8 42
4 27
3 2
18 4
17 5
2 8
2 11
1 2
3 18
17 10
7 5
3 10
5 31
19 9
7 8
10 3
11 37
1 4
6 32
1 5
12 5
7 33
2 8
6 11
9 9
4 27
10 11
38 9
5 7
6 2
3 6
6 2
32 5
12 4
16 3
72 15
14 14
2 6
3 9
12 3