196
160 240
19 15
4 15
8 5
26 5
21 10
5 24
3 7
32 7
26 92
16 92
8 5
26 5
3 17
32 17
10 5
24 5
2 8
19 8
3 7
3 7
13 10
4 27
10 14
24 14
2 11
19 11
3 3
3 3
5 5
35 5
6 17
13 17
24 8
31 8
5 8
35 8
14 5
31 5
5 5
35 5
11 44
12 44
38 17
57 17
13 5
17 5
8 17
36 20
21 20
13 12
17 12
5 15
10 6
15 6
8 50
30 16
6 16
15 10
6 10
10 9
15 9
6 8
5 8
12 40
9 33
6 33
6 37
5 35
21 13
4 13
4 17
22 17
16 34
6 32
5 32
14 23
16 23
6 31
21 22
4 22
4 17
22 17
14 8
16 8
9 4
6 4
20 4
22 4
5 29
38 7
33 7
7 32
5 32
30 49
5 22
9 22
6 37
6 31
16 31
2 7
25 7
11 12
33 22
2 5
25 5
27 10
11 10
5 15
9 15
5 30
11 13
30 13
30 21
7 17
5 17
6 24
6 22
10 22
3 2
3 2
8 10
6 18
11 8
30 8
3 8
3 8
12 65
5 5
16 5
6 9
3 9
41 9
17 3
13 3
6 8
8 8
17 6
13 6
5 11
16 11
6 2
10 2
6 7
3 7
8 10
14 3
12 3
3 3
5 3
10 26
4 10
47 10
3 11
12 11
14 7
12 7
3 18
5 18
12 10
9 10
9 49
5 7
3 7
26 11
4 8
47 8
3 7
12 7
12 39
9 39
5 4
3 4
51 8
15 8
7 4
2 4
25 11
8 34
7 7
2 7
10 29
2 10
5 10
59 19
9 23
22 15
3 15
2 9
4 7
1 7
4 2
1 2
7 10
59 10
22 8
3 8